Following are random numbers.
4163
4750
9128
5387
3137
1085
2812
7185
9011
6022
2728
7728
842
3848
5170
7832
2005
3132
462
6897
1072
9943
2287
8014
3120
6429
3519
1648
2107
6322
9135
8678
5219
3789
5098
9311
4274
503
5542
8948
2729
1795
9622
9308
9078
6797
9501
1272
1605
2984
638
1161
2036
3701
3698
59
2219
142
8398
9570
3417
9852
2863
6297
6725
2394
6214
5060
1288
1404
3310
9099
7404
602
6595
2549
2094
8961
2057
3824
592
3254
7488
7084
6863
1133
5883
7978
2213
9587
1106
4042
4400
5416
5409
5948
6618
7024
46
2512
5482
7815
128
3350
933
9609
2701
6508
3610
6619
2356
7089
6319
7307
1134
86
6893
7386
832
29
7865
1554
1450
4593
4115
6841
3031
5664
1765
3075
3048
7609
5964
2940
1067
4092
2574
9963
593
994
260
4510
5275
1460
8262
3171
6355
1351
7598
2277
2777
8377
1156
7169
5164
8776
5224
2415
8867
601
1994
8475
4363
7453
8658
8360
4168
4852
8178
168
6183
8044
5230
7514
9139
2334
8846
8813
8376
4266
1440
3931
2457
8389
2986
513
980
6832
7159
2506
1987
4806
9952
631
3454
5915
82
1996
6529
8488
2050
5761
4871
6776
27
4201
1032
4704
454
434
3210
6994
708
7740
1604
217
8458
3855
5235
6414
2643
6150
127
90
4820
6561
7840
6391
782
6616
9810
9910
5768
9727
5991
6314
9789
7898
2978
7351
878
857
1269
7906
495
5257
3302
5011
8313
5325
2469
89
8699
5961
7674
3698
7258
7453
199
3776
126
2739
4938
7879
4582
4523
8676
3616
2110
1173
8119
6326
3199
5723
7294
1560
746
173
9981
6166
3905
6805
1381
5679
7775
4465
8035
9826
3059
2366
6796
9690
4321
4684
5728
5283
3473
3340
5322
3037
9922
6669
870
5083
6439
1668
3844
1482
5841
7451
8989
8403
5662
9831
5647
1164
3223
6071
7982
1068
7686
4822
1170
4763
7146
9952
4290
7163
9545
7137
6584
6418
203
5813
5318
9607
1661
1320
4533
4149
5158
3034
4070
9299
5439
1649
7380
2038
5075
3637
9572
3900
3110
5147
2973
2104
2832
5016
439
9782
2576
9974
6455
4243
6237
7155
4331
1489
8124
9710
8150
3713
8253
211
8639
9502
5447
7699
571
4512
5905
4922
38
1002
8039
3928
3536
4990
3249
6991
1248
3192
5769
1557
4677
9558
5249
4642
1812
7694
6958
2887
5613
617
6906
1611
9565
6547
3522
7951
8867
5870
7394
8550
30
6528
4901
7146
2309
4175
7405
513
3581
726
9276
5113
9363
9128
6179
7390
6877
330
5995
1089
9445
9254
1829
5934
3079
4291
9193
8251
9140
5358
1736
9880
413
7095
8723
7216
2694
5063
616
979
8204
1381
947
2035
798
790
9558
6584
3335
5723
7506
7547
1316
6913
59
255
1430
3195
4127
2395
1181
1862
6490
6660
8398
5158
1098
1741
867
7187
7860
9156
4243
4343
9322
2783
8425
1187
9877
3225
6130
6995
9884
808
9265
2525
3239
8934
6625
4881
2207
3632
4067
2689
7334
9584
8532
7718
3872
3067
7602
4843
9426
989
2211
5130
4470
4881
5458
2294
9596
4712
897
9053
7367
3316
461
4097
2359
5754
4764
6274
7977
2515
5117
1792
5934
5705
2185
1781
3619
8005
4301
6737
8103
5585
4867
6306
6581
2327
7560
2642
8381
4560
5648
5693
953
5312
8740
1610
8065
4681
4745
6832
5893
1050
973
3876
299
7132
1988
4689
852
1117
6021
1930
2840
1518
3875
4845
8919
9874
8566
5895
1919
6425
6740
5487
9157
5023
8900
204
9378
3738
6671
3280
583
1956
6394
4731
7323
1975
8117
8655
2643
8758
2771
911
3071
5296
5191
2417
7955
6449
4880
8306
3722
2878
2081
8268
1959
6830
8138
2670
2150
4237
1947
8890
7826
4804
9603
3210
6870
5347
6165
3801
7718
9556
1297
140
5421
9315
442
9121
8647
6768
1453
3056
2855
4693
1603
5113
5818
3474
2880
6543
2751
8779
2814
2839
5491
9526
269
1194
2763
7944
8782
4904
3133
237
94
8362
5725
7150
8078
8671
6689
4698
5602
9720
4873
2283
5442
7792
5777
86
7820
2567
6453
5125
4291
1849
1225
1307
9438
773
6996
9816
6519
9036
2825
4956
3120
7491
1305
709
3164
1559
5830
3544
9181
2167
3966
5399
2164
2265
5543
1128
8477
2822
5268
4790
8930
7334
5484
7489
9321
5491
3180
4499
6834
5777
6433
2313
6442
6158
4327
9905
8175
952
4675
9499
7713
9645
4288
9152
7925
6982
3572
4011
3854
9259
4873
1227
2824
2508
3773
2824
2057
6590
1040
5561
1731
6505
9153
6157
3573
3036
8838
1273
8130
8447
9057
7476
3637
942
7376
8549
416
5347
2578
6115
1551
5267
4749
6905
5576
3734
8614
7621
9977
6457
3873
6389
3803
8853
33
253
2798
9587
5184
6455
9776
9181
1877
7254
4785
8496
3186
9709
312
2507
3301
7677
3500
4523
8925
3870
6658
4341
2004
3371
5037
5606
2302
6422
6799
3809
701
6733
8546
1029
8808
4191
153
2751
8944
7766
2487
4654
236
9711
99
2587
2480
3962
3015
7759
4877
4461
2966
3687
4772
5307
3986
9386
5081
1916
1769
7299
3511
207
9375
9896
2473
8662
5792
5690
7167
7520
4224
2117
7065
2265
2282
2231
7173
3214
6436
3027
7934
2992
4400
8392
6498
528
7673
1933
5447
3580
9743
9920
373
3809
443
80
4035
5766
2135
4564
8797
2441
6366
1163
6039
4018
4137
2449
6764
7443
8413
9008
3111
7995
906
8669
2549
8515
5250
5330
7151
6019
4858
4039
6687
7865
2058
7196
9489
5161
7569
7126
4856
8324
5729
150
2410
6812
1394
8477
6803
3464
4987
6273
5596
5973
2285
6049
1768
1758
1513
8846
3386
1732
8344
8759
325
950
4699
4230
5297
7052
8508
4128
816
6432
2282
8759
3418
1418
9694
7922
7623
9591
8453
401
8325
75
4204
1996
4970
4301
2448
4213
5915
5310
8253
3031
3233
9501
9353
4856
5404
2953
6991
4932
